TotalSceneBones 10
"BACKPOINT" -0.003038 -0.014954 -0.999884 0.0  -0.015098 0.999775 -0.014907 0.0  -0.999881 -0.015051 0.003263 0.0  -0.002085 0.025078 -0.392333 1.0
"CENTER" -0.003036 -0.014955 -0.999884 0.0  -0.015098 0.999775 -0.014907 0.0  -0.999881 -0.015051 0.003261 0.0  -0.001463 0.085000 -0.025527 1.0
"EXTRACT" 17.250225 23.505442 11.895304 0.0  0.423139 -0.755390 0.297656 0.0  -0.571018 0.003622 0.820930 0.0  0.070341 0.168160 -0.135188 1.0
"FLASH" -0.003038 -0.014954 -0.999884 0.0  -0.015098 0.999775 -0.014907 0.0  -0.999881 -0.015051 0.003263 0.0  -0.000311 0.079974 0.312434 1.0
"IRONSIGHT" -0.003038 -0.014954 -0.999884 0.0  -0.015098 0.999775 -0.014907 0.0  -0.999881 -0.015051 0.003263 0.0  -0.002997 0.170276 -0.094066 1.0
"LAUNCHER" -0.003038 -0.014954 -0.999884 0.0  -0.015098 0.999775 -0.014907 0.0  -0.999881 -0.015051 0.003263 0.0  -0.001014 0.076888 0.042331 1.0
"LEFTHAND" -0.003038 -0.014954 -0.999884 0.0  -0.015098 0.999775 -0.014907 0.0  -0.999881 -0.015051 0.003263 0.0  -0.000421 0.061313 0.192697 1.0
"LEFTSIDE" -0.003038 -0.014954 -0.999884 0.0  -0.015098 0.999775 -0.014907 0.0  -0.999881 -0.015051 0.003263 0.0  -0.018499 0.057412 -0.103223 1.0
"MAG" -0.003036 -0.014955 -0.999884 0.0  -0.015099 0.999775 -0.014907 0.0  -0.999881 -0.015052 0.003261 0.0  -0.001665 0.076989 -0.212421 1.0
"OPTIC" -0.003038 -0.014954 -0.999884 0.0  -0.015098 0.999775 -0.014907 0.0  -0.999881 -0.015051 0.003263 0.0  0.000000 0.140500 -0.050000 1.0