TotalSceneBones 9
"MAG" -0.015715 0.021399 -0.999647 0.0  -0.021328 0.999536 0.021732 0.0  -0.999649 -0.021662 0.015251 0.0  -0.006095 0.088493 0.107854 1.0
"LEFTSIDE" -0.015715 0.021399 -0.999647 0.0  -0.021328 0.999536 0.021732 0.0  -0.999649 -0.021662 0.015251 0.0  -0.041402 0.110088 0.090330 1.0
"LEFTHAND" -0.015715 0.021399 -0.999647 0.0  -0.021328 0.999536 0.021732 0.0  -0.999649 -0.021662 0.015251 0.0  -0.004238 0.068649 0.201388 1.0
"IRONSIGHT" -0.015715 0.021399 -0.999647 0.0  -0.021328 0.999536 0.021732 0.0  -0.999649 -0.021662 0.015251 0.0  -0.008890 0.146992 0.007713 1.0
"FLASH" -0.015717 0.021399 -0.999647 0.0  -0.021327 0.999536 0.021732 0.0  -0.999649 -0.021662 0.015253 0.0  -0.000069 0.080914 0.492032 1.0
"CENTER" -0.015715 0.021399 -0.999647 0.0  -0.021328 0.999536 0.021732 0.0  -0.999649 -0.021662 0.015251 0.0  -0.005397 0.097171 0.165895 1.0
"BUCK" -0.015715 0.021399 -0.999647 0.0  -0.021328 0.999536 0.021732 0.0  -0.999649 -0.021662 0.015251 0.0  -0.008259 0.081869 -0.043379 1.0
"EXTRACT" 17.258394 23.168968 12.526815 0.0  0.431461 -0.762948 0.264595 0.0  -0.560501 -0.029951 0.827612 0.0  0.087395 0.212822 0.164562 1.0
"OPTIC" -0.015236 0.006648 -0.999862 0.0  -0.020887 0.999758 0.006965 0.0  -0.999666 -0.020991 0.015094 0.0  -0.011091 0.073358 0.018092 1.0