TotalSceneBones 10
"CENTER" -0.002716 -0.001477 -0.999995 0.0  -0.006526 0.999978 -0.001460 0.0  -0.999975 -0.006522 0.002725 0.0  -0.000364 0.094432 0.042311 1.0
"EXTRACT" 17.445648 23.194559 12.216227 0.0  0.416517 -0.762926 0.287606 0.0  -0.571334 -0.002525 0.820714 0.0  0.094225 0.208956 0.060055 1.0
"FLASH" -0.002717 -0.001477 -0.999995 0.0  -0.006525 0.999978 -0.001459 0.0  -0.999975 -0.006521 0.002727 0.0  0.000296 0.096482 0.289233 1.0
"IRONSIGHT" -0.002717 -0.001477 -0.999995 0.0  -0.006525 0.999978 -0.001459 0.0  -0.999975 -0.006521 0.002727 0.0  -0.001225 0.157776 -0.121755 1.0
"LEFTHAND" -0.002717 -0.001477 -0.999995 0.0  -0.006525 0.999978 -0.001459 0.0  -0.999975 -0.006521 0.002727 0.0  0.000076 0.060492 0.122801 1.0
"LEFTSIDE" -0.002717 -0.001477 -0.999995 0.0  -0.006525 0.999978 -0.001459 0.0  -0.999975 -0.006521 0.002727 0.0  -0.022371 0.108955 0.034338 1.0
"MAG" -0.002716 -0.001477 -0.999995 0.0  -0.006526 0.999978 -0.001460 0.0  -0.999975 -0.006522 0.002725 0.0  -0.000508 0.098960 0.000537 1.0
"TL" -0.002716 -0.001477 -0.999995 0.0  -0.006526 0.999978 -0.001460 0.0  -0.999975 -0.006522 0.002725 0.0  -0.029480 0.097710 0.132674 1.0
"LASER" -0.002716 -0.001477 -0.999995 0.0  -0.006526 0.999978 -0.001460 0.0  -0.999975 -0.006522 0.002725 0.0  0.028921 0.098091 0.132515 1.0
"BUCK" -0.002716 -0.001477 -0.999995 0.0  -0.006525 0.999978 -0.001460 0.0  -0.999975 -0.006521 0.002725 0.0  -0.000857 0.099744 -0.065500 1.0
