TotalSceneBones 8
"CENTER" -0.010516 -0.004837 -0.999933 0.0  -0.027295 0.999617 -0.004549 0.0  -0.999572 -0.027245 0.010644 0.0  -0.001993 0.106172 0.020057 1.0
"EXTRACT" 17.055515 23.591530 12.005146 0.0  0.434505 -0.753172 0.286702 0.0  -0.564713 -0.011659 0.825205 0.0  0.090699 0.220026 0.058876 1.0
"FLASH" -0.010517 -0.004837 -0.999933 0.0  -0.027294 0.999617 -0.004548 0.0  -0.999572 -0.027245 0.010645 0.0  -0.000410 0.106172 0.165000 1.0
"IRONSIGHT" -0.010517 -0.004837 -0.999933 0.0  -0.027294 0.999617 -0.004548 0.0  -0.999572 -0.027245 0.010645 0.0  -0.004458 0.157904 -0.084218 1.0
"LEFTHAND" -0.704992 -0.073279 -0.705419 0.0  -0.535113 -0.597809 0.596890 0.0  0.465446 -0.798282 -0.382238 0.0  -0.007271 -0.035874 0.014742 1.0
"LEFTSIDE" -0.010517 -0.004837 -0.999933 0.0  -0.027294 0.999617 -0.004548 0.0  -0.999572 -0.027245 0.010645 0.0  -0.024083 0.119603 0.031242 1.0
"MAG" -0.010516 -0.004837 -0.999933 0.0  -0.027295 0.999617 -0.004549 0.0  -0.999572 -0.027245 0.010644 0.0  -0.002145 0.106724 0.001968 1.0
"BUCK" -0.010516 -0.004837 -0.999933 0.0  -0.027295 0.999617 -0.004549 0.0  -0.999572 -0.027245 0.010644 0.0  -0.003465 0.109801 -0.114060 1.0