TotalSceneBones 7
"MAG" -0.001719 0.003285 -0.999993 0.0  0.024436 0.999696 0.003242 0.0  -0.999700 0.024430 0.001798 0.0  0.000884 0.021495 0.005680 1.0
"EXTRACT" 17.957357 15.263198 8.854568 0.0  0.398217 -0.532915 0.204197 0.0  -0.572391 0.012082 0.589538 0.0  0.080312 0.153168 0.096436 1.0
"FLASH" -0.001718 0.003285 -0.999993 0.0  0.024436 0.999696 0.003242 0.0  -0.999700 0.024431 0.001798 0.0  -0.000000 0.08031 0.20117 1.0
"CENTER" -0.001718 0.003285 -0.999993 0.0  0.024436 0.999696 0.003242 0.0  -0.999700 0.024431 0.001798 0.0  -0.008556 0.084160 0.055640 1.0
"IRONSIGHT" -0.001718 0.003285 -0.999993 0.0  0.024436 0.999696 0.003242 0.0  -0.999700 0.024431 0.001798 0.0  -0.008030 0.098670 -0.011810 1.0
"LEFTHAND" -0.708766 -0.147595 -0.689830 0.0  -0.489402 -0.601398 0.631510 0.0  0.508071 -0.785198 -0.354018 0.0  -0.002108 -0.035884 0.014177 1.0
"OPTIC" -0.000000 -0.000000 -1.000000 0.0  -0.000001 1.000000 -0.000000 0.0  -1.000000 -0.000001 0.000000 0.0  -0.00 0.060768 0.080476 1.0