TotalSceneBones 15
"BACKPOINT" -0.003654 -0.000324 -0.999993 0.0  -0.002501 0.999997 -0.000315 0.0  -0.999990 -0.002500 0.003655 0.0  -0.002031 0.067750 -0.271480 1.0
"BAYONET" -0.003654 -0.000324 -0.999993 0.0  -0.002501 0.999997 -0.000315 0.0  -0.999990 -0.002500 0.003655 0.0  0.000535 0.079431 0.438731 1.0
"BIPOD" -0.003654 -0.000324 -0.999993 0.0  -0.002501 0.999997 -0.000315 0.0  -0.999990 -0.002499 0.003655 0.0  0.000621 0.093989 0.472066 1.0
"CENTER" -0.003653 -0.000325 -0.999993 0.0  -0.002501 0.999997 -0.000316 0.0  -0.999990 -0.002500 0.003653 0.0  -0.000579 0.094423 0.143962 1.0
"EXTRACT" 17.550251 23.110184 12.226283 0.0  0.413710 -0.764924 0.286348 0.0  -0.570575 -0.001163 0.821244 0.0  0.094526 0.210944 0.174007 1.0
"FLASH" -0.003654 -0.000324 -0.999993 0.0  -0.002501 0.999997 -0.000315 0.0  -0.999990 -0.002500 0.003655 0.0  0.001356 0.094595 0.603703 1.0
"IRONSIGHT" -0.003654 -0.000324 -0.999993 0.0  -0.002501 0.999997 -0.000315 0.0  -0.999990 -0.002500 0.003655 0.0  -0.000596 0.147922 0.175881 1.0
"LASER" -0.003653 -0.000325 -0.999993 0.0  -0.002501 0.999997 -0.000316 0.0  -0.999990 -0.002500 0.003653 0.0  0.000000 0.094764 0.495926 1.0
"LAUNCHER" -0.003654 -0.000324 -0.999993 0.0  -0.002501 0.999997 -0.000315 0.0  -0.999990 -0.002499 0.003655 0.0  0.000389 0.094641 0.409105 1.0
"LEFTHAND" -0.003654 -0.000324 -0.999993 0.0  -0.002501 0.999997 -0.000315 0.0  -0.999990 -0.002500 0.003655 0.0  -0.000017 0.067119 0.279053 1.0
"LEFTSIDE" -0.003654 -0.000324 -0.999993 0.0  -0.002501 0.999997 -0.000315 0.0  -0.999990 -0.002500 0.003655 0.0  -0.022659 0.110292 0.102656 1.0
"MAG" -0.003653 -0.000325 -0.999993 0.0  -0.002501 0.999997 -0.000316 0.0  -0.999990 -0.002500 0.003653 0.0  -0.000630 0.104420 0.136823 1.0
"OPTIC" -0.003654 -0.000324 -0.999993 0.0  -0.002501 0.999997 -0.000315 0.0  -0.999990 -0.002500 0.003655 0.0  -0.001048 0.082618 0.007667 1.0
"TL" -0.003653 -0.000325 -0.999993 0.0  -0.002501 0.999997 -0.000316 0.0  -0.999990 -0.002500 0.003653 0.0  0.000000 0.094764 0.477926 1.0
"BUCK" 0.000001 -0.000000 -1.000000 0.0  -0.000001 1.000000 -0.000000 0.0  -1.000000 -0.000001 -0.000001 0.0  -0.000000 0.080822 -0.028886 1.0